2, 0.9326, 0.0853 
3, 0.5012, 0.0834 

 L1 ERROR :0.2891, PERCENTAGE OF TOP 100.0000  % 28.0000
2, 0.8246, 0.0949 
3, 1.0002, 0.0950 

 L1 ERROR :0.2958, PERCENTAGE OF TOP 100.0000  % 1.0000
2, 0.5434, 0.0897 
3, 0.6857, 0.0945 
4, 0.1823, 0.0953 
5, 0.2358, 0.0954 
6, 0.8259, 0.0936 
7, 0.0827, 0.0900 
8, 0.1466, 0.0882 
9, 0.1344, 0.0846 
10, 0.1197, 0.0837 
11, 0.9303, 0.0764 

 L1 ERROR :0.2892, PERCENTAGE OF TOP 10.0000  % : 17.0000% 

2, 0.0036, 0.2277 
3, 0.0056, 0.5461 
4, 0.0010, 0.3483 
5, 0.0067, 0.6089 
6, 0.0432, 0.7795 
7, 0.0056, 0.3691 
8, 0.0002, 0.5346 
9, 0.0040, 1.5641 
10, 0.0054, 3.0484 
11, 0.0083, 2.5690 

 L1 ERROR :0.2997, PERCENTAGE OF TOP 10.0000  % : 17.0000% 

2, 0.1858, 0.0097 
3, 0.5658, 0.0100 
4, 0.2334, 0.0242 
5, 0.1052, 0.0353 
6, 0.0567, 0.0214 
7, 0.0972, 0.2687 
8, 0.7446, 0.0676 
9, 0.1410, 0.0139 
10, 0.5200, 0.0130 
11, 0.0288, 0.0364 

 L1 ERROR :0.2704, PERCENTAGE OF TOP 10.0000  % : 37.0000% 

2, 0.0395, 0.1592 
3, 0.0653, 0.0586 
4, 0.1282, 0.1406 
5, 0.0759, 0.1262 
6, 0.1102, 0.1253 

 L1 ERROR :0.3371, PERCENTAGE OF TOP 10.0000  % : 35.1000% 

2, 0.0341, 0.0711 
3, 0.0474, 0.0505 
4, 0.0119, 0.0513 
5, 0.9898, 0.0351 
6, 0.5735, 0.0424 

 L1 ERROR :0.1842, PERCENTAGE OF TOP 10.0000  % : 27.0000% 

2, 0.0347, 0.0917 
3, 0.0318, 0.0910 
4, 0.7617, 0.2519 
5, 1.1688, 0.1345 
6, 0.0837, 0.2086 

 L1 ERROR :0.3259, PERCENTAGE OF TOP 10.0000  % : 16.0000% 

2, 0.2227, 0.0791 
3, 0.4231, 0.0695 
4, 0.6008, 0.1327 
5, 0.0770, 0.1413 
6, 0.0840, 0.1308 

 L1 ERROR :0.3589, PERCENTAGE OF TOP 10.0000  % : 23.0000% 

2, 0.0972, 0.0796 
3, 0.1666, 0.1183 
4, 0.5257, 0.2173 
5, 0.0270, 0.1723 
6, 0.0437, 0.2504 

 L1 ERROR :0.3852, PERCENTAGE OF TOP 10.0000  % : 20.0000% 

2, 0.1918, 0.1085 
3, 0.0125, 0.2061 
4, 0.3628, 0.1156 
5, 0.5995, 0.2068 
6, 0.1927, 0.2112 

 L1 ERROR :0.4388, PERCENTAGE OF TOP 10.0000  % : 24.0000% 

2, 0.1470, 0.0635 
3, 0.1118, 0.0633 
4, 0.2455, 0.0545 
5, 0.8583, 0.0662 
6, 0.4755, 0.0486 

 L1 ERROR :0.2649, PERCENTAGE OF TOP 10.0000  % : 34.0000% 

2, 0.1180, 0.1332 
3, 0.4342, 0.0869 
4, 0.0628, 0.2098 
5, 0.5314, 0.0612 
6, 0.0152, 0.1196 

 L1 ERROR :0.2525, PERCENTAGE OF TOP 10.0000  % : 26.0000% 

2, 0.0782, 0.0786 
3, 0.0938, 0.1279 
4, 0.0900, 0.1243 
5, 0.1480, 0.0930 
6, 0.6763, 0.0833 

 L1 ERROR :0.2772, PERCENTAGE OF TOP 10.0000  % : 31.0000% 

2, 0.0879, 0.1266 
3, 0.0700, 0.1456 
4, 0.3415, 0.1107 
5, 0.2758, 0.1136 
6, 0.7929, 0.0910 

 L1 ERROR :0.2800, PERCENTAGE OF TOP 10.0000  % : 9.0000% 

2, 0.2602, 0.1360 
3, 0.0416, 0.1629 
4, 0.7220, 0.1757 
5, 0.2009, 0.1237 
6, 0.4781, 0.1220 

 L1 ERROR :0.3474, PERCENTAGE OF TOP 10.0000  % : 34.0000% 

2, 0.1743, 0.0797 
3, 0.6541, 0.1273 
4, 0.1781, 0.0464 
5, 0.0564, 0.1558 
6, 0.2062, 0.0966 

 L1 ERROR :0.3396, PERCENTAGE OF TOP 10.0000  % : 29.0000% 

2, 0.2084, 0.1006 
3, 0.2167, 0.1228 
4, 0.3021, 0.1617 
5, 0.4406, 0.1630 
6, 0.1841, 0.0860 

 L1 ERROR :0.3732, PERCENTAGE OF TOP 10.0000  % : 20.0000% 

2, 0.1673, 0.1144 
3, 0.0448, 0.1633 
4, 0.9753, 0.1231 
5, 0.1146, 0.1468 
6, 0.4011, 0.1658 

 L1 ERROR :0.3516, PERCENTAGE OF TOP 10.0000  % : 28.0000% 

2, 0.0983, 0.0801 
3, 0.1322, 0.1078 
4, 0.1757, 0.0809 
5, 0.2040, 0.0692 
6, 0.1023, 0.1186 

 L1 ERROR :0.2767, PERCENTAGE OF TOP 10.0000  % : 58.0000% 

2, 0.1247, 0.1514 
3, 0.1755, 0.1024 
4, 0.1762, 0.2610 

 L1 ERROR :0.2953, PERCENTAGE OF TOP 10.0000  % : 61.0000% 

2, 0.1560, 0.0639 
3, 0.2585, 0.1240 
4, 0.1331, 0.1631 

 L1 ERROR :0.3288, PERCENTAGE OF TOP 10.0000  % : 39.0000% 

2, 0.1330, 0.0982 
3, 0.1974, 0.1323 
4, 0.1504, 0.0958 

 L1 ERROR :0.3473, PERCENTAGE OF TOP 10.0000  % : 48.0000% 

2, 0.1185, 0.0668 
3, 0.2198, 0.0852 
4, 0.2705, 0.0413 
5, 0.1175, 0.0496 
6, 0.0840, 0.1912 

 L1 ERROR :0.0424, PERCENTAGE OF TOP 10.0000  % : 29.0000% 

2, 0.0951, 0.1080 
3, 0.1219, 0.1630 
4, 0.1722, 0.0988 
5, 0.1089, 0.1358 
6, 0.0564, 0.3375 

 L1 ERROR :0.0409, PERCENTAGE OF TOP 10.0000  % : 27.0000% 

2, 0.0974, 1.4770 
3, 0.1148, 0.5325 
4, 0.0934, 12.2119 
5, 0.1044, 0.9041 
6, 0.2473, 10.5881 

 L1 ERROR :0.0158, PERCENTAGE OF TOP 10.0000  % : 64.4000% 

2, 0.0112, 0.0328 
3, 0.0244, 0.0367 
4, 0.0193, 0.0269 
5, 0.0098, 0.0320 
6, 0.0615, 0.0439 

 L1 ERROR :0.0468, PERCENTAGE OF TOP 10.0000  % : 11.0000% 

2, 0.0122, 0.0596 
3, 0.0139, 0.0419 
4, 0.0092, 0.0548 
5, 0.0232, 0.0419 
6, 0.0106, 0.0256 

 L1 ERROR :0.0460, PERCENTAGE OF TOP 10.0000  % : 10.0000% 

2, 0.0215, 0.0302 
3, 0.0095, 0.0340 
4, 0.0091, 0.0246 
5, 0.0117, 0.0329 
6, 0.0078, 0.0311 

 L1 ERROR :0.0451, PERCENTAGE OF TOP 10.0000  % : 3.0000% 

2, 0.0183, 0.0525 
3, 0.0056, 0.0390 
4, 0.0395, 0.0497 
5, 0.0179, 0.0323 
6, 0.0216, 0.0410 

 L1 ERROR :0.0462, PERCENTAGE OF TOP 10.0000  % : 1.0000% 

2, 0.0150, 0.0360 
3, 0.0121, 0.0435 
4, 0.0052, 0.0266 
5, 0.0189, 0.0277 
6, 0.0044, 0.0181 

 L1 ERROR :0.0463, PERCENTAGE OF TOP 10.0000  % : 6.0000% 

2, 0.0322, 0.0469 
2, 0.0476, 0.0496 
3, 0.0103, 0.0515 
4, 0.0188, 0.0368 
5, 0.0229, 0.0367 
6, 0.0116, 0.0315 
2, 0.0309, 0.0628 
3, 0.0075, 0.0584 
4, 0.0067, 0.0487 
5, 0.0105, 0.0587 
6, 0.0153, 0.0382 
2, 0.0039, 0.0029 
3, 0.0062, 0.0036 
4, 0.0046, 0.0480 
5, 0.0070, 0.0092 
6, 0.0058, 0.0074 
7, 0.0084, 0.0202 
8, 0.0033, 0.0091 
9, 0.0022, 0.0669 
10, 0.0053, 0.0523 
11, 0.0026, 0.0880 
2, 0.0895, 0.0896 
3, 0.4804, 0.1006 
4, 0.2047, 0.1360 
5, 0.1693, 0.0370 
6, 0.0906, 0.2194 
7, 0.0675, 0.0800 
8, 0.1047, 0.1971 
9, 0.0475, 0.0827 
10, 0.1398, 0.0764 
11, 0.1632, 0.0846 
2, 0.0001, 0.6626 
3, 0.0028, 0.3117 
4, 0.0041, 2.5351 
5, 0.0053, 0.2828 
6, 0.0250, 0.4976 
7, 0.4433, 3.5826 
8, 0.0015, 5.6301 
9, 0.0058, 2.4707 
10, 0.0020, 1.6226 
11, 0.0009, 0.7848 
2, 0.0280, 4.5614 
3, 0.0018, 4.7588 
4, 0.0008, 0.4185 
5, 0.0016, 0.8148 
6, 0.0031, 1.2053 
7, 0.0049, 1.3975 
8, 0.0028, 0.9202 
9, 0.0017, 1.0552 
10, 0.2315, 2.8284 
11, 0.0006, 0.3944 
2, 0.0002, 3.7351 
3, 0.0002, 0.4034 
4, 0.0004, 22.9153 
5, 0.0001, 25.2374 
6, 0.0024, 2.5870 
7, 0.6379, 3.1235 
8, 0.0005, 0.6930 
9, 0.0001, 1.5894 
10, 0.0005, 1.0516 
11, 0.0005, 0.5150 
2, 0.0002, 3.1713 
3, 0.0003, 1.2592 
4, 0.0003, 1.9979 
5, 0.0008, 0.8235 
2, 0.5478, 0.2589 
3, 0.0036, 0.4012 
4, 0.0093, 0.1888 
5, 0.0163, 0.4155 
6, 0.0112, 0.1949 
7, 0.0392, 0.7303 
8, 0.0286, 0.5543 
9, 0.0070, 0.3063 
10, 0.0096, 0.6229 
11, 0.0873, 0.1054 
2, 0.0107, 0.2259 
3, 0.0122, 0.0306 
4, 0.3389, 0.1038 
5, 0.0132, 4.1476 
6, 0.0101, 0.5356 
7, 0.0060, 0.0349 
8, 0.0030, 3.6360 
9, 0.0230, 0.0887 
10, 0.0021, 0.1511 
11, 0.0037, 0.0470 
2, 0.0361, 0.0822 
3, 0.0233, 0.0588 
4, 0.0237, 0.0601 
5, 0.0211, 0.0566 
6, 0.0119, 0.0594 
7, 0.0123, 0.0462 
8, 0.0137, 0.0505 
9, 0.0109, 0.0505 
10, 0.0142, 0.0474 
11, 0.0093, 0.0494 
2, 0.0386, 0.0628 
3, 0.0321, 0.0595 
4, 0.0239, 0.0527 
5, 0.0165, 0.0470 
6, 0.0169, 0.0498 
7, 0.0132, 0.0508 
8, 0.0123, 0.0425 
9, 0.0127, 0.0418 
10, 0.0099, 0.0365 
11, 0.0083, 0.0377 
2, 0.0463, 0.3776 
3, 0.0400, 0.0986 
4, 0.0454, 0.0669 
5, 0.0490, 0.1720 
6, 0.0400, 0.1248 
7, 0.0369, 0.1087 
8, 0.0323, 0.0981 
9, 0.0372, 0.1020 
10, 0.0223, 0.0846 
11, 0.0225, 0.0581 
2, 0.0596, 0.2677 
3, 0.0833, 0.7161 
4, 0.0666, 0.2957 
5, 0.1930, 0.4204 
6, 0.2480, 0.4644 
7, 0.1715, 2.3132 
8, 0.0663, 0.1147 
9, 0.1446, 0.1533 
10, 0.2200, 1.2384 
11, 0.1133, 0.6737 
2, 0.0378, 0.3376 
3, 0.0498, 0.2265 
4, 0.0368, 0.0925 
5, 0.0525, 0.1655 
6, 0.0547, 0.1949 
7, 0.1139, 0.0939 
8, 0.0365, 0.0498 
9, 0.0740, 0.1573 
10, 0.1028, 0.2682 
11, 0.0859, 0.2670 
2, 0.0113, 0.1944 
3, 0.0463, 0.1426 
4, 0.0150, 0.0548 
5, 0.0171, 0.0887 
6, 0.0157, 0.3174 
7, 0.0096, 0.0926 
8, 0.0173, 0.0610 
9, 0.0152, 0.0845 
10, 0.0254, 0.1122 
11, 0.0161, 0.1587 
2, 0.0720, 0.1655 
3, 0.0182, 0.1041 
4, 0.0108, 0.1562 
5, 0.0157, 0.0657 
6, 0.0055, 0.1353 
7, 0.0396, 0.0446 
8, 0.0160, 0.0638 
9, 0.0142, 0.2055 
10, 0.0584, 0.0784 
11, 0.0134, 0.0504 
2, 0.0175, 0.1527 
3, 0.0098, 0.1453 
4, 0.0038, 0.0770 
5, 0.0115, 0.0646 
6, 0.0074, 0.1507 
7, 0.0106, 0.1571 
8, 0.0038, 0.0667 
9, 0.0054, 0.1799 
10, 0.0359, 0.0510 
11, 0.0087, 0.1450 
2, 0.0200, 0.0657 
3, 0.0069, 0.0964 
4, 0.0336, 0.2797 
5, 0.0215, 0.1013 
6, 0.0253, 0.2782 
7, 0.0105, 0.1555 
8, 0.0038, 0.1760 
9, 0.0075, 0.1245 
10, 0.0249, 0.0622 
11, 0.0041, 0.3007 
2, 0.0263, 0.1657 
3, 0.0382, 0.3717 
4, 0.0272, 0.0634 
5, 0.0151, 0.0928 
6, 0.0273, 0.0881 
7, 0.0113, 0.0812 
8, 0.0174, 0.0856 
9, 0.0122, 0.0623 
10, 0.0139, 0.0765 
11, 0.0163, 0.0364 
2, 0.0541, 0.0822 
3, 0.0265, 0.0619 
4, 0.0234, 0.1109 
5, 0.0158, 0.0587 
2, 0.0604, 0.5645 
3, 0.0552, 0.9979 
4, 0.0399, 4.5737 
5, 0.0318, 1.0081 
6, 0.0473, 0.6930 
7, 0.1103, 2.1214 
8, 0.0181, 0.8097 
9, 0.0238, 0.6816 
10, 0.0279, 0.5274 
11, 0.0191, 1.1279 
2, 0.1069, 12.0298 
3, 0.0212, 0.3024 
4, 0.0998, 0.4188 
5, 0.0398, 0.3765 
6, 0.1166, 0.9896 
7, 0.0266, 1.0039 
8, 0.1162, 5.5283 
9, 0.0831, 1.0286 
10, 0.0372, 0.7504 
11, 0.1153, 4.7055 
2, 0.0029, 0.1687 
3, 0.0064, 0.5113 
4, 0.0006, 2.1895 
5, 0.2591, 0.9368 
6, 0.0006, 3.0286 
2, 0.0003, 0.0060 
3, 0.0000, 0.6634 
4, 0.0005, 0.0224 
5, 0.0007, 0.0828 
6, 0.0012, 0.0144 
2, 0.0005, 0.0070 
3, 0.0026, 0.0037 
4, 0.0013, 0.0071 
5, 0.0008, 0.0018 
6, 0.0005, 0.0192 
7, 0.0005, 0.0038 
8, 0.0003, 0.0062 
9, 0.0009, 0.0035 
10, 0.0004, 0.0201 
11, 0.0003, 0.2163 
2, 0.0006, 0.0699 
3, 0.0005, 0.3747 
4, 0.0004, 0.2380 
5, 0.0006, 0.0042 
6, 0.0010, 0.0094 
7, 0.0003, 0.0085 
8, 0.0003, 0.0019 
9, 0.0005, 0.0017 
2, 0.0422, 1.5358 
3, 0.3600, 7.2085 
4, 0.0238, 0.8255 
5, 0.0551, 3.4554 
6, 0.0763, 1.2817 
7, 0.1267, 0.6479 
8, 0.0371, 1.3947 
9, 0.0488, 1.4348 
2, 0.0007, 0.0010 
3, 0.0007, 0.0012 
4, 0.0006, 0.0079 
5, 0.0006, 0.0043 
6, 0.0002, 0.0054 
7, 0.0004, 0.0011 
8, 0.0003, 0.0013 
9, 0.0002, 0.0008 
2, 0.0004, 0.0012 
3, 0.0009, 0.0036 
4, 0.0009, 0.0008 
5, 0.0008, 0.0016 
6, 0.0005, 0.0031 
7, 0.0004, 0.0150 
8, 0.0003, 0.0024 
9, 0.0004, 0.0014 
2, 0.0006, 0.0111 
3, 0.0011, 0.0090 
2, 0.0009, 0.0142 
2, 0.0005, 0.0171 
3, 0.0009, 0.0117 
4, 0.0011, 0.0359 
2, 0.0004, 0.0136 
3, 0.0001, 0.0045 
4, 0.0003, 0.0226 
2, 0.0008, 0.0205 
3, 0.0002, 0.0044 
4, 0.0010, 0.0056 
2, 0.0007, 0.0100 
3, 0.0010, 0.0234 
4, 0.0002, 0.0409 
5, 0.0002, 0.2605 
6, 0.0001, 0.0612 
7, 0.0010, 0.0090 
8, 0.0013, 0.0064 
9, 0.0005, 0.2311 
2, 0.0004, 0.0072 
3, 0.0009, 0.0053 
4, 0.0007, 0.0750 
5, 0.0004, 0.0890 
6, 0.0002, 0.0405 
7, 0.0003, 0.1470 
8, 0.0002, 0.5033 
9, 0.0006, 0.0246 
10, 0.0004, 0.0834 
11, 0.0003, 0.0051 
12, 0.0004, 0.0109 
13, 0.0002, 0.3077 
14, 0.0002, 0.9145 
15, 0.0008, 0.1583 
16, 0.0003, 1.5334 
17, 0.0006, 0.1946 
18, 0.0003, 0.9223 
19, 0.0008, 0.0345 
20, 0.0002, 0.0607 
21, 0.0004, 0.0097 
2, 0.0005, 0.0101 
3, 0.0004, 0.0026 
4, 0.0005, 0.1063 
5, 0.0014, 0.0060 
6, 0.0007, 0.0063 
7, 0.0015, 0.0095 
2, 0.0028, 0.0115 
3, 0.0008, 1.5172 
4, 0.0004, 0.0165 
5, 0.0014, 0.1321 
6, 0.0003, 0.3318 
7, 0.0004, 0.0125 
8, 0.0004, 0.1113 
9, 0.0004, 0.0711 
10, 0.0000, 1.1762 
11, 0.0002, 0.3571 
12, 0.0005, 0.8990 
13, 0.0004, 0.0316 
14, 0.0002, 0.2046 
15, 0.0001, 1.9243 
16, 0.0004, 0.0362 
17, 0.0002, 0.0079 
18, 0.0012, 0.1818 
19, 0.0001, 0.9529 
20, 0.0005, 0.0081 
21, 0.0008, 0.0350 
2, 0.0007, 0.1992 
3, 0.0003, 0.0117 
4, 0.0004, 0.0668 
5, 0.0008, 0.0282 
6, 0.0001, 0.0145 
7, 0.0003, 0.0210 
8, 0.0014, 0.0090 
9, 0.0005, 0.0245 
10, 0.0002, 0.1116 
11, 0.0001, 0.3339 
12, 0.0002, 0.0319 
13, 0.0004, 0.0046 
14, 0.0006, 0.5206 
15, 0.0004, 0.0749 
16, 0.0004, 0.0091 
17, 0.0003, 0.3598 
18, 0.0002, 0.0093 
19, 0.0003, 0.4503 
20, 0.0004, 0.0195 
21, 0.0011, 0.1359 
2, 0.0008, 0.0406 
3, 0.0006, 0.1769 
4, 0.0007, 0.0150 
5, 0.0002, 0.1634 
6, 0.0004, 0.0191 
7, 0.0003, 0.0793 
8, 0.0002, 0.0245 
9, 0.0007, 0.0296 
10, 0.0004, 0.0132 
11, 0.0008, 0.0123 
12, 0.0005, 0.1350 
13, 0.0005, 0.0705 
14, 0.0010, 0.0132 
15, 0.0018, 0.0059 
16, 0.0008, 0.0038 
17, 0.0007, 0.0069 
18, 0.0001, 0.1551 
19, 0.0003, 0.0599 
20, 0.0004, 0.0089 
21, 0.0005, 0.0248 
2, 0.0002, 0.0113 
3, 0.0012, 0.0098 
4, 0.0009, 0.0052 
5, 0.0001, 0.0020 
6, 0.0002, 0.0142 
7, 0.0008, 0.0060 
8, 0.0006, 0.0074 
9, 0.0001, 0.0117 
10, 0.0011, 0.0587 
11, 0.0006, 0.0061 
12, 0.0004, 0.0023 
13, 0.0005, 0.0030 
14, 0.0008, 0.0039 
15, 0.0001, 0.0038 
16, 0.0004, 0.0105 
17, 0.0007, 0.0055 
18, 0.0002, 0.0045 
19, 0.0004, 0.0049 
20, 0.0002, 0.0037 
21, 0.0007, 0.0068 
2, 0.0006, 0.0126 
3, 0.0005, 0.0130 
4, 0.0011, 0.0488 
5, 0.0012, 0.0048 
6, 0.0008, 0.0066 
7, 0.0003, 0.0082 
8, 0.0003, 0.0068 
9, 0.0004, 0.0042 
10, 0.0003, 0.0160 
11, 0.0002, 0.0276 
12, 0.0003, 0.0053 
13, 0.0019, 0.0071 
14, 0.0003, 0.0129 
15, 0.0002, 0.0029 
16, 0.0005, 0.0039 
17, 0.0004, 0.0034 
18, 0.0004, 0.0020 
19, 0.0003, 0.0029 
20, 0.0003, 0.0031 
21, 0.0001, 0.0032 
2, 0.0009, 0.0240 
3, 0.0010, 0.0042 
4, 0.0006, 0.0075 
5, 0.0001, 0.0112 
6, 0.0004, 0.0040 
7, 0.0003, 0.0470 
8, 0.0002, 0.0026 
9, 0.0006, 0.0040 
10, 0.0002, 0.0040 
11, 0.0002, 0.0048 
12, 0.0007, 0.0050 
13, 0.0003, 0.0065 
14, 0.0003, 0.0038 
15, 0.0003, 0.0244 
16, 0.0004, 0.0024 
17, 0.0009, 0.0022 
18, 0.0009, 0.0025 
19, 0.0005, 0.0020 
20, 0.0005, 0.0058 
21, 0.0007, 0.0049 
2, 0.0004, 0.0071 
3, 0.0001, 0.0039 
4, 0.0007, 0.0044 
5, 0.0009, 0.0044 
6, 0.0015, 0.0050 
7, 0.0003, 0.0027 
8, 0.0006, 0.0081 
9, 0.0003, 0.0052 
10, 0.0003, 0.0053 
11, 0.0007, 0.0047 
12, 0.0005, 0.0023 
13, 0.0008, 0.0038 
14, 0.0001, 0.0154 
15, 0.0006, 0.0019 
16, 0.0003, 0.0019 
17, 0.0007, 0.0042 
18, 0.0007, 0.0177 
19, 0.0006, 0.0027 
20, 0.0005, 0.0019 
21, 0.0009, 0.0216 
2, 0.0005, 0.0310 
3, 0.0008, 0.0259 
4, 0.0011, 0.0047 
5, 0.0005, 0.0058 
6, 0.0005, 0.0118 
7, 0.0012, 0.0035 
8, 0.0020, 0.0038 
9, 0.0009, 0.0090 
10, 0.0005, 0.0029 
11, 0.0004, 0.0026 
12, 0.0003, 0.0082 
13, 0.0003, 0.0034 
14, 0.0006, 0.0104 
15, 0.0005, 0.0031 
16, 0.0008, 0.0079 
17, 0.0007, 0.0042 
18, 0.0005, 0.0043 
19, 0.0008, 0.0055 
20, 0.0005, 0.0117 
21, 0.0013, 0.0054 
2, 0.0002, 0.0178 
3, 0.0006, 0.0060 
4, 0.0007, 0.0031 
5, 0.0006, 0.0039 
6, 0.0011, 0.0208 
7, 0.0008, 0.0051 
8, 0.0012, 0.0029 
9, 0.0005, 0.0111 
10, 0.0004, 0.0152 
11, 0.0011, 0.0265 
12, 0.0002, 0.0042 
13, 0.0003, 0.0103 
14, 0.0004, 0.0023 
15, 0.0003, 0.0028 
16, 0.0005, 0.0044 
17, 0.0013, 0.0424 
18, 0.0010, 0.0061 
19, 0.0007, 0.0103 
20, 0.0004, 0.0238 
21, 0.0003, 0.0115 
2, 0.0009, 1.3462 
3, 0.0008, 0.0113 
4, 0.0007, 0.0092 
5, 0.0012, 0.0568 
6, 0.0006, 0.0111 
7, 0.0004, 0.0061 
8, 0.0005, 0.3543 
9, 0.0004, 0.0115 
10, 0.0011, 0.0273 
11, 0.0006, 0.1392 
12, 0.0002, 0.0644 
13, 0.0006, 0.2367 
14, 0.0003, 0.0627 
15, 0.0002, 0.4622 
16, 0.0006, 0.3498 
17, 0.0002, 0.0044 
18, 0.0007, 0.0289 
19, 0.0007, 0.0661 
20, 0.0005, 0.0074 
21, 0.0015, 0.0913 
2, 0.0005, 0.0266 
3, 0.0007, 0.0176 
4, 0.0011, 0.0041 
5, 0.0007, 0.0071 
6, 0.0005, 0.0071 
7, 0.0009, 0.0083 
8, 0.0014, 0.0067 
9, 0.0003, 0.0064 
10, 0.0007, 0.0110 
11, 0.0007, 0.0155 
12, 0.0002, 0.0162 
13, 0.0005, 0.0047 
14, 0.0004, 0.0053 
15, 0.0004, 0.0050 
16, 0.0014, 0.0069 
17, 0.0006, 0.0034 
18, 0.0006, 0.0148 
19, 0.0010, 0.0074 
20, 0.0011, 0.0157 
21, 0.0007, 0.0099 
2, 0.0005, 0.0135 
3, 0.0009, 0.0034 
4, 0.0009, 0.0045 
5, 0.0002, 0.0034 
6, 0.0002, 0.0032 
7, 0.0010, 0.0103 
8, 0.0005, 0.0033 
9, 0.0005, 0.0136 
10, 0.0006, 0.0032 
11, 0.0002, 0.0096 
12, 0.0014, 0.0132 
13, 0.0003, 0.0028 
14, 0.0005, 0.0076 
15, 0.0006, 0.0021 
16, 0.0004, 0.0019 
17, 0.0008, 0.1056 
18, 0.0009, 0.0104 
19, 0.0007, 0.0027 
20, 0.0005, 0.0042 
21, 0.0004, 0.0037 
2, 0.0715, 0.9131 
3, 0.0038, 1.5902 
4, 0.0033, 1.5789 
5, 0.0068, 1.5874 
6, 0.0016, 0.8127 
7, 0.0048, 0.9410 
8, 0.0010, 0.1742 
9, 0.0090, 0.7372 
10, 0.0060, 0.4463 
11, 0.0044, 0.3004 
12, 0.0479, 1.4237 
13, 0.0022, 4.2495 
14, 0.0033, 0.3026 
15, 0.0028, 0.2824 
16, 0.0069, 0.5449 
17, 0.0006, 0.2791 
18, 0.0062, 0.5110 
19, 0.0012, 0.6631 
20, 0.0119, 1.7918 
21, 0.0019, 0.6223 
2, 0.0003, 0.0289 
3, 0.0008, 0.0824 
4, 0.0008, 0.0168 
5, 0.0008, 0.0121 
6, 0.0008, 0.0135 
7, 0.0004, 0.0078 
8, 0.0005, 0.0055 
9, 0.0006, 0.0361 
10, 0.0006, 0.0030 
11, 0.0006, 0.0322 
12, 0.0012, 0.0215 
13, 0.0008, 0.0113 
14, 0.0002, 0.0074 
15, 0.0005, 0.0252 
16, 0.0007, 0.0026 
17, 0.0006, 0.0370 
18, 0.0010, 0.0045 
19, 0.0008, 0.0286 
20, 0.0005, 0.0045 
21, 0.0004, 0.0083 
2, 0.0003, 0.0310 
3, 0.0004, 0.0662 
2, 0.0007, 0.0191 
3, 0.0011, 0.0325 
2, 0.0008, 0.0106 
3, 0.0014, 0.0049 
4, 0.0002, 0.0106 
5, 0.0007, 0.0237 
6, 0.0004, 0.0052 
7, 0.0001, 0.0083 
8, 0.0003, 0.0483 
9, 0.0003, 0.0045 
10, 0.0003, 0.0100 
11, 0.0003, 0.0086 
12, 0.0003, 0.0028 
13, 0.0004, 0.0022 
14, 0.0007, 0.0034 
15, 0.0002, 0.0230 
16, 0.0007, 0.0033 
17, 0.0003, 0.0039 
18, 0.0001, 0.0088 
19, 0.0006, 0.0024 
20, 0.0007, 0.0148 
21, 0.0007, 0.0134 
2, 0.0009, 0.0254 
3, 0.0006, 0.0059 
2, 0.0007, 0.0156 
3, 0.0005, 0.0027 
4, 0.0012, 0.0163 
5, 0.0006, 0.0025 
6, 0.0004, 0.0036 
7, 0.0008, 0.0079 
8, 0.0003, 0.0141 
9, 0.0004, 0.0040 
10, 0.0007, 0.0046 
11, 0.0004, 0.0051 
12, 0.0011, 0.0038 
13, 0.0002, 0.0057 
14, 0.0007, 0.0124 
15, 0.0001, 0.0302 
16, 0.0007, 0.0062 
17, 0.0004, 0.0059 
18, 0.0002, 0.0121 
19, 0.0007, 0.0044 
20, 0.0007, 0.0084 
21, 0.0011, 0.0044 
2, 0.0007, 0.0175 
3, 0.0010, 0.0066 
4, 0.0003, 0.0049 
5, 0.0009, 0.0025 
6, 0.0006, 0.0043 
7, 0.0005, 0.0058 
8, 0.0004, 0.0024 
9, 0.0010, 0.0034 
10, 0.0006, 0.0057 
11, 0.0018, 0.0036 
12, 0.0001, 0.0031 
13, 0.0007, 0.0026 
14, 0.0005, 0.0027 
15, 0.0009, 0.0151 
16, 0.0007, 0.0071 
17, 0.0009, 0.0167 
18, 0.0002, 0.0038 
19, 0.0004, 0.0025 
20, 0.0004, 0.0126 
21, 0.0007, 0.0045 
2, 0.1096, 0.4187 
3, 0.0013, 0.3796 
4, 0.0012, 0.3265 
5, 0.0011, 0.6416 
6, 0.0035, 0.4776 
7, 0.0029, 0.8542 
8, 0.0007, 0.3282 
9, 0.0005, 0.5530 
10, 0.0021, 0.3662 
11, 0.0003, 0.6111 
12, 0.0017, 0.2807 
13, 0.0014, 0.3627 
14, 0.0037, 0.8237 
15, 0.0012, 0.4792 
16, 0.0021, 0.3337 
17, 0.0067, 1.2164 
18, 0.0121, 0.6348 
19, 0.0026, 1.3298 
20, 0.0031, 0.5684 
21, 0.0019, 0.5383 
2, 0.0009, 0.0187 
3, 0.0005, 0.0035 
4, 0.0006, 0.0028 
5, 0.0007, 0.0033 
6, 0.0004, 0.0016 
7, 0.0003, 0.0050 
8, 0.0013, 0.0033 
9, 0.0006, 0.0034 
10, 0.0002, 0.0024 
11, 0.0004, 0.0142 
12, 0.0005, 0.0018 
13, 0.0008, 0.0043 
14, 0.0005, 0.0053 
15, 0.0003, 0.0044 
16, 0.0001, 0.0034 
17, 0.0004, 0.0081 
18, 0.0003, 0.0037 
19, 0.0005, 0.0140 
20, 0.0002, 0.0028 
21, 0.0002, 0.0238 
2, 0.0016, 0.0146 
3, 0.0014, 0.0048 
2, 0.0007, 0.0122 
3, 0.0007, 0.0085 
2, 0.0009, 0.0126 
3, 0.0017, 0.0040 
2, 0.0011, 0.0206 
3, 0.0019, 0.0033 
2, 0.0007, 0.0182 
3, 0.0013, 0.0026 
2, 0.0002, 0.0146 
3, 0.0006, 0.0063 
2, 0.0005, 0.0114 
3, 0.0002, 0.0047 
2, 0.0009, 0.0098 
3, 0.0009, 0.0055 
2, 0.0012, 0.0120 
3, 0.0006, 0.0049 
2, 0.0009, 0.0098 
3, 0.0004, 0.0033 
2, 0.0005, 0.0202 
3, 0.0005, 0.0033 
2, 0.0014, 0.0092 
3, 0.0012, 0.0043 
4, 0.0006, 0.0032 
5, 0.0014, 0.0014 
6, 0.0006, 0.0075 
7, 0.0007, 0.0042 
8, 0.0003, 0.0035 
9, 0.0007, 0.0021 
10, 0.0013, 0.0030 
11, 0.0010, 0.0041 
12, 0.0004, 0.0017 
13, 0.0008, 0.0035 
14, 0.0015, 0.0076 
15, 0.0008, 0.0025 
16, 0.0002, 0.0166 
17, 0.0006, 0.0024 
18, 0.0004, 0.0026 
19, 0.0004, 0.0356 
20, 0.0006, 0.0086 
21, 0.0003, 0.0033 
2, 0.0013, 0.0061 
3, 0.0006, 0.0051 
4, 0.0010, 0.0030 
5, 0.0002, 0.0089 
6, 0.0012, 0.0029 
7, 0.0002, 0.0020 
8, 0.0005, 0.0014 
9, 0.0008, 0.0037 
10, 0.0002, 0.0017 
11, 0.0010, 0.0168 
12, 0.0006, 0.0025 
13, 0.0005, 0.0057 
14, 0.0003, 0.0030 
15, 0.0010, 0.0039 
16, 0.0005, 0.0021 
17, 0.0006, 0.0086 
18, 0.0006, 0.0049 
19, 0.0007, 0.0118 
20, 0.0004, 0.0013 
21, 0.0007, 0.0024 
2, 0.0011, 0.0232 
3, 0.0007, 0.0121 
4, 0.0010, 0.0038 
5, 0.0018, 0.0039 
6, 0.0008, 0.0033 
7, 0.0009, 0.0120 
8, 0.0009, 0.0029 
9, 0.0008, 0.0021 
10, 0.0009, 0.0032 
11, 0.0008, 0.0061 
12, 0.0008, 0.0046 
13, 0.0009, 0.0025 
14, 0.0010, 0.0092 
15, 0.0006, 0.0063 
16, 0.0005, 0.0050 
17, 0.0001, 0.0034 
18, 0.0005, 0.0075 
19, 0.0009, 0.0042 
20, 0.0004, 0.0035 
21, 0.0004, 0.0228 
2, 0.0007, 0.0212 
3, 0.0007, 0.0043 
2, 0.0006, 0.0158 
3, 0.0012, 0.0051 
2, 0.0016, 0.0155 
3, 0.0012, 0.0101 
2, 0.0003, 0.0090 
3, 0.0008, 0.0019 
2, 0.0006, 0.0255 
3, 0.0011, 0.0045 
2, 0.0007, 0.0168 
3, 0.0003, 0.0055 
2, 0.0011, 0.0150 
3, 0.0005, 0.0062 
4, 0.0013, 0.0042 
5, 0.0008, 0.0038 
6, 0.0007, 0.0042 
7, 0.0013, 0.0025 
8, 0.0007, 0.0056 
9, 0.0003, 0.0041 
10, 0.0009, 0.0029 
11, 0.0009, 0.0020 
12, 0.0010, 0.0034 
13, 0.0003, 0.0017 
14, 0.0008, 0.0143 
15, 0.0015, 0.0023 
16, 0.0003, 0.0087 
17, 0.0006, 0.0027 
18, 0.0007, 0.0025 
19, 0.0005, 0.0028 
20, 0.0001, 0.0063 
21, 0.0007, 0.0040 
2, 0.0004, 0.0211 
3, 0.0008, 0.0052 
2, 0.0005, 0.0143 
3, 0.0020, 0.0032 
4, 0.0004, 0.0028 
5, 0.0008, 0.0063 
6, 0.0005, 0.0023 
7, 0.0009, 0.0036 
8, 0.0005, 0.0029 
9, 0.0012, 0.0027 
10, 0.0008, 0.0017 
11, 0.0003, 0.0019 
12, 0.0007, 0.0040 
13, 0.0006, 0.0016 
14, 0.0004, 0.0048 
15, 0.0009, 0.0031 
16, 0.0007, 0.0058 
17, 0.0005, 0.0057 
18, 0.0005, 0.0089 
19, 0.0006, 0.0051 
20, 0.0003, 0.0027 
21, 0.0005, 0.0115 
2, 0.0005, 0.0092 
3, 0.0000, 0.0030 
4, 0.0009, 0.0041 
5, 0.0007, 0.0025 
6, 0.0007, 0.0018 
7, 0.0001, 0.0187 
8, 0.0009, 0.0019 
9, 0.0005, 0.0030 
10, 0.0001, 0.0016 
11, 0.0006, 0.0033 
12, 0.0004, 0.0024 
13, 0.0001, 0.0019 
14, 0.0009, 0.0050 
15, 0.0014, 0.0144 
16, 0.0004, 0.0121 
17, 0.0007, 0.0033 
18, 0.0004, 0.0103 
19, 0.0004, 0.0041 
20, 0.0010, 0.0072 
21, 0.0004, 0.0031 
2, 0.0003, 0.0183 
3, 0.0025, 0.0050 
2, 0.0022, 0.0210 
3, 0.0016, 0.0043 
2, 0.0009, 0.0174 
3, 0.0007, 0.0056 
2, 0.0007, 0.0175 
3, 0.0002, 0.0045 
4, 0.0007, 0.0033 
5, 0.0006, 0.0056 
6, 0.0001, 0.0024 
7, 0.0007, 0.0038 
8, 0.0002, 0.0063 
9, 0.0007, 0.0043 
10, 0.0009, 0.0034 
11, 0.0001, 0.0045 
12, 0.0005, 0.0043 
13, 0.0004, 0.0024 
14, 0.0006, 0.0015 
15, 0.0006, 0.0018 
16, 0.0003, 0.0023 
17, 0.0004, 0.0034 
18, 0.0007, 0.0120 
19, 0.0011, 0.0021 
20, 0.0005, 0.0086 
21, 0.0007, 0.0102 
2, 0.0005, 0.0146 
3, 0.0002, 0.0095 
2, 0.0009, 0.0140 
3, 0.0001, 0.0043 
2, 0.0015, 0.0107 
3, 0.0004, 0.0026 
4, 0.0002, 0.0010 
5, 0.0010, 0.0042 
6, 0.0012, 0.0004 
7, 0.0007, 0.0642 
8, 0.0012, 0.0031 
9, 0.0001, 0.0036 
10, 0.0006, 0.0033 
11, 0.0001, 0.0018 
12, 0.0010, 0.0026 
13, 0.0005, 0.0014 
14, 0.0012, 0.0014 
15, 0.0002, 0.0013 
16, 0.0002, 0.0068 
17, 0.0004, 0.0016 
18, 0.0005, 0.0035 
19, 0.0005, 0.0040 
20, 0.0001, 0.0014 
21, 0.0004, 0.0039 
2, 0.0005, 0.0081 
3, 0.0004, 0.0142 
4, 0.0002, 0.0367 
5, 0.0003, 0.0790 
6, 0.0002, 0.0074 
7, 0.0003, 0.0061 
8, 0.0004, 0.0170 
9, 0.0005, 0.0180 
10, 0.0002, 0.0282 
11, 0.0005, 0.0382 
2, 0.0010, 0.0119 
2, 0.0011, 0.0131 
3, 0.0009, 0.0084 
4, 0.0004, 0.0150 
5, 0.0012, 0.0134 
6, 0.0014, 0.0046 
7, 0.0006, 0.0087 
8, 0.0009, 0.0075 
2, 0.0003, 0.0176 
3, 0.0011, 0.0181 
4, 0.0009, 0.1789 
5, 0.0008, 0.1493 
6, 0.0001, 0.0409 
7, 0.0002, 0.0673 
8, 0.0002, 0.0467 
9, 0.0015, 0.1060 
10, 0.0007, 0.0481 
11, 0.0014, 0.0189 
12, 0.0003, 0.1678 
13, 0.0245, 0.1127 
2, 0.0008, 0.0340 
3, 0.0012, 0.0363 
4, 0.0014, 0.0852 
5, 0.0027, 0.0727 
6, 0.0009, 0.0223 
7, 0.0011, 0.0064 
8, 0.0014, 0.0134 
9, 0.0008, 0.0189 
10, 0.0007, 0.1478 
11, 0.0016, 0.0594 
12, 0.0002, 0.0396 
13, 0.0008, 0.2087 
14, 0.0009, 0.0108 
15, 0.0008, 0.0161 
16, 0.0007, 0.0200 
17, 0.0018, 0.0270 
18, 0.0002, 0.1235 
19, 0.0003, 0.1417 
20, 0.0014, 0.1316 
21, 0.0009, 0.2529 
2, 0.0004, 0.0173 
3, 0.0006, 0.0065 
2, 0.0006, 0.0066 
3, 0.0002, 0.0059 
2, 0.0007, 0.0238 
3, 0.0009, 0.0031 
2, 0.0012, 0.0272 
3, 0.0005, 0.0061 
2, 0.0003, 0.0058 
3, 0.0004, 0.0528 
4, 0.0005, 0.0039 
5, 0.0017, 0.0062 
6, 0.0007, 0.0199 
7, 0.0003, 0.1144 
8, 0.0004, 0.0146 
9, 0.0004, 0.0081 
10, 0.0006, 0.0230 
11, 0.0006, 0.0055 
12, 0.0005, 0.0204 
13, 0.0005, 0.0078 
14, 0.0003, 0.0707 
15, 0.0005, 0.0115 
16, 0.0008, 0.0296 
17, 0.0007, 0.0056 
18, 0.0002, 0.0044 
19, 0.0006, 0.0198 
20, 0.0003, 0.0042 
21, 0.0003, 0.0293 
2, 0.0010, 0.0232 
3, 0.0002, 0.0237 
2, 0.0005, 0.0091 
3, 0.0005, 0.0094 
2, 0.0002, 0.0105 
3, 0.0008, 0.0044 
2, 0.0009, 0.0172 
3, 0.0015, 0.0056 
